6.2843599999999995
6.20946
6.21234
6.07501
5.98666
5.912719999999999
5.90984
5.95209
5.97994
5.8647
5.80516
5.6688
5.8003599999999995
5.62654
5.93
6.03852
5.84069
6.090380000000001
6.15088
6.09614
6.15568
6.11343
5.95977
5.7830699999999995
5.93961
5.98378
5.79556
5.60349
5.7849900000000005
5.48729
5.61406
5.79364
5.74754
5.89927
5.6784
5.62942
5.7946
5.69088
5.53147
5.66111
5.77827
5.8570199999999994
5.93096
6.0462
6.04044
5.99435
5.90696
5.866619999999999
5.9280800000000005
6.00875
6.26996
6.34486
6.270919999999999
6.2603599999999995
6.1470400000000005
6.25171
6.22506
6.25122
6.156280000000001
6.07297
6.07297
6.07297
6.0807199999999995
6.07685
6.01582
6.103
6.06135
5.93832
5.96641
5.81626
5.940259999999999
5.977069999999999
5.96641
6.20859
6.22991
6.24444
6.30256
6.23184
6.37328
6.492430000000001
6.57671
6.45756
6.58737
6.50309
6.5418400000000005
6.44787
6.44206
6.23378
6.15919
6.122380000000001
6.15338
6.13594
6.16694
6.15725
6.067159999999999
6.08363
6.13206
6.16113
6.2773699999999995
6.32872
6.35003
6.32
6.463369999999999
6.6203
6.67165
6.6639
6.64743
6.62224
6.585430000000001
6.54571
6.48468
6.43915
6.44109
6.36068
6.2735
6.01775
5.87826
5.77945
5.8346599999999995
5.7436
5.9296
6.05166
6.09719
6.12691
6.28905
5.71767
5.54186
5.65028
5.7030199999999995
5.63368
5.6786
5.62488
5.51647
5.44712
5.4256400000000005
5.61902
5.644419999999999
5.83195
5.78604
5.90129
5.88469
5.88762
5.96966
6.12105
6.05366
6.09859
6.06734
6.08199
6.11519
5.98529
6.09468
6.05561
5.87395
5.84074
5.99799
6.1005400000000005
6.13375
6.21287
6.21189
6.26658
6.23045
6.1904
6.15329
6.06441
6.09664
5.99799
6.02924
6.07613
6.20212
6.1445
6.24803
6.2411900000000005
6.28514
6.42286
6.48341
6.54104
6.55178
6.388669999999999
6.42774
6.52346
6.522480000000001
6.426769999999999
6.3417900000000005
6.3164
6.34668
6.31835
6.32616
6.3388599999999995
6.459
6.45704
6.24682
6.172000000000001
6.13361
6.13657
6.1237699999999995
6.23303
6.22122
6.31867
6.406280000000001
6.4239999999999995
6.38266
6.3846300000000005
6.34722
6.37478
6.23993
6.33935
6.3354099999999995
6.4092400000000005
6.50275
6.73999
6.708489999999999
6.859089999999999
6.7892
6.859089999999999
6.90831
6.897480000000001
6.865
6.84138
6.7340800000000005
6.86795
6.782310000000001
6.885669999999999
6.932919999999999
6.9870600000000005
6.99395
6.96541
7.0097
7.0362800000000005
6.95556
6.95852
6.928
6.86205
6.8758300000000006
6.88173
6.859089999999999
6.84236
6.7577
6.84138
6.981160000000001
7.02545
6.98805
7.0855
7.317810000000001
7.185910000000001
7.34537
7.43692
7.426089999999999
7.47629
7.35423
7.498939999999999
7.49303
7.377860000000001
7.34242
7.3562
7.37294
7.37436
7.37436
7.3733699999999995
7.32678
7.28317
7.29506
