2.983
2.9730000000000003
2.948
2.843
2.7710000000000004
2.736
2.73
2.7030000000000003
2.722
2.7089999999999996
2.6310000000000002
2.6510000000000002
2.6060000000000003
2.48
2.542
2.636
2.465
2.57
2.5540000000000003
2.4859999999999998
2.58
2.53
2.372
2.256
2.3209999999999997
2.45
2.3
2.273
2.369
2.209
2.2969999999999997
2.392
2.394
2.488
2.349
2.2840000000000003
2.386
2.35
2.262
2.286
2.363
2.457
2.455
2.545
2.5580000000000003
2.537
2.488
2.484
2.47
2.543
2.701
2.7110000000000003
2.623
2.5839999999999996
2.58
2.638
2.6239999999999997
2.6239999999999997
2.574
2.523
2.523
2.523
2.488
2.492
2.448
2.46
2.405
2.347
2.347
2.2769999999999997
2.342
2.3819999999999997
2.363
2.489
2.52
2.524
2.449
2.4619999999999997
2.531
2.633
2.665
2.588
2.681
2.6489999999999996
2.569
2.478
2.449
2.32
2.292
2.263
2.29
2.239
2.2640000000000002
2.255
2.251
2.251
2.265
2.2680000000000002
2.275
2.3
2.305
2.287
2.346
2.4930000000000003
2.385
2.387
2.37
2.353
2.343
2.383
2.295
2.3040000000000003
2.327
2.265
2.231
2.114
2.049
1.993
1.994
1.973
2.073
2.148
2.136
2.169
2.25
1.8419999999999999
1.814
1.871
1.903
1.8840000000000001
1.926
1.9169999999999998
1.88
1.849
1.879
1.936
1.96
2.043
2.072
2.096
2.079
2.093
2.089
2.109
2.148
2.112
2.112
2.1
2.135
2.059
2.1519999999999997
2.124
2.01
2.024
2.095
2.171
2.206
2.242
2.316
2.318
2.322
2.327
2.299
2.248
2.2319999999999998
2.188
2.207
2.24
2.276
2.251
2.27
2.247
2.2769999999999997
2.311
2.309
2.344
2.342
2.296
2.342
2.395
2.431
2.374
2.332
2.327
2.383
2.3569999999999998
2.315
2.292
2.319
2.247
2.162
2.1180000000000003
2.13
2.134
2.151
2.1830000000000003
2.171
2.177
2.246
2.302
2.315
2.285
2.274
2.285
2.256
2.3280000000000003
2.383
2.436
2.459
2.522
2.535
2.655
2.6310000000000002
2.63
2.656
2.673
2.676
2.636
2.589
2.647
2.6039999999999996
2.674
2.699
2.7680000000000002
2.825
2.792
2.852
2.852
2.783
2.801
2.7510000000000003
2.738
2.7439999999999998
2.766
2.759
2.734
2.678
2.677
2.701
2.745
2.7239999999999998
2.8160000000000003
3.01
3.071
3.188
3.1919999999999997
3.176
3.22
3.0789999999999997
3.155
3.1839999999999997
3.139
3.17
3.1439999999999997
3.145
3.13
3.13
3.1180000000000003
3.105
3.092
3.092
