22.494
22.273000000000003
22.451
22.334
22.144000000000002
22.269000000000002
22.381999999999998
22.581
22.511
22.160999999999998
21.78
21.776
22.373
21.858
21.746
22.273000000000003
22.320999999999998
22.445999999999998
22.761999999999997
22.849
23.1
23.316
23.316
23.104
22.974
22.654
22.243000000000002
22.191
22.165
21.642
21.416999999999998
22.053
21.971
21.642
21.979
21.979
22.217
21.824
21.508000000000003
22.031
22.273000000000003
22.464000000000002
22.631999999999998
22.291
22.191
22.061
22.031
21.840999999999998
22.061
22.221
22.631999999999998
22.862
22.654
22.585
22.524
22.81
23.052
22.983
23.055999999999997
22.956999999999997
22.956999999999997
22.956999999999997
23.234
23.225
22.853
22.671
22.71
22.671
22.948
22.961
23.241999999999997
23.299
23.493000000000002
23.445999999999998
23.48
23.325
23.385
23.605999999999998
23.662
23.004
22.875
22.857
22.823
22.892
22.987
23.017
23.017
22.978
22.896
23.026
23.017
23.069000000000003
23.215999999999998
22.767
23.0
23.264
23.03
22.991
22.935
22.723000000000003
23.195
23.199
23.467
23.355
23.359
23.541
23.619
23.307
22.983
22.927
22.983
23.052
23.636
23.965
23.831
23.316
22.927
22.624000000000002
22.494
22.441999999999997
22.485
23.139
23.247
23.225
23.143
21.724
22.364
23.069000000000003
24.004
24.316999999999997
25.245
25.41
25.899
25.493000000000002
25.478
25.506999999999998
25.568
25.506999999999998
25.587
25.53
25.526
25.488000000000003
25.436
25.596
25.605999999999998
25.766
25.719
25.799
25.79
25.581999999999997
25.748
25.7
25.54
25.379
25.611
25.592
25.384
25.568
25.535
25.776
25.809
25.79
25.587
25.304000000000002
25.124000000000002
24.898000000000003
24.930999999999997
24.94
24.851
24.906999999999996
25.266
25.025
24.95
24.855
24.831999999999997
25.554000000000002
25.695999999999998
25.644000000000002
25.592
25.469
25.299
25.03
24.901999999999997
24.733
24.643
24.416
24.761
24.747
24.345
24.865
24.666
24.718000000000004
24.906999999999996
24.987
25.115
25.28
25.03
25.044
24.888
24.506
24.024
24.015
24.090999999999998
24.095
24.232
24.633000000000003
24.209
24.445
24.590999999999998
24.756
24.581
24.449
24.397
24.548000000000002
24.656999999999996
24.756
24.69
24.459
23.935
23.685
23.718000000000004
23.811999999999998
23.991
23.628
22.366999999999997
22.353
21.574
21.612
21.565
21.933000000000003
21.82
21.943
22.084
21.909000000000002
21.834
22.235
22.33
22.164
21.951999999999998
21.664
21.796
21.636
22.344
22.254
21.999000000000002
22.541999999999998
22.783
23.131999999999998
22.948
22.881999999999998
23.226999999999997
23.434
23.57
23.493000000000002
23.348000000000003
23.479
23.479
23.503
23.43
23.513
23.3
