6.81785
6.76525
6.799339999999999
6.65227
6.70097
6.7701199999999995
6.67175
6.71948
6.93278
7.09835
6.733110000000001
6.34936
6.094180000000001
6.03866
6.234430000000001
6.590910000000001
6.23346
6.287030000000001
6.38345
6.52565
6.74285
6.6211
6.33962
6.07568
6.49059
6.51591
6.272419999999999
6.55877
6.58409
6.37469
6.44
6.492000000000001
6.4
6.419
6.412000000000001
6.422000000000001
6.45
6.445
6.425
6.422000000000001
6.308
6.5
6.541
6.79
6.757000000000001
6.59
7.55
7.529
7.545
7.565
7.565
7.579
7.6
7.5920000000000005
7.615
7.6
7.61
7.603
7.604
7.606
7.606
7.606
7.591
7.584
7.582000000000001
7.59
7.58
7.575
7.582999999999999
7.585
7.586
7.586
7.5889999999999995
7.5889999999999995
7.5920000000000005
7.595
7.6
7.6
7.603
7.627000000000001
7.6129999999999995
7.6
7.585
7.593
7.606
7.582000000000001
7.603
7.581
7.593999999999999
7.58
7.575
7.574
7.582999999999999
7.5889999999999995
7.572
7.5760000000000005
7.584
7.582999999999999
7.59
7.5760000000000005
7.5760000000000005
7.572
7.5889999999999995
7.5889999999999995
7.58
7.595
7.591
7.57
7.59
7.585
7.584
7.586
7.584
7.596
7.5889999999999995
7.577000000000001
7.5729999999999995
7.577999999999999
7.57
7.568
7.5729999999999995
7.5889999999999995
7.58
7.568
7.59
7.556
7.534
7.5360000000000005
7.585
7.59
7.59
7.59
7.59
7.59
7.59
7.593
7.593
7.596
7.59
7.598
7.5920000000000005
7.575
7.62
7.46
7.164
7.0920000000000005
7.041
7.028
7.23
7.34
7.374
7.71
7.6
7.5
7.832999999999999
7.6
7.655
7.849
8.151
8.347000000000001
8.497
8.5
8.448
8.496
8.5
8.555
8.47
8.689
8.75
8.85
8.93
8.95
9.009
9.382
8.998
8.634
8.793
9.0
8.96
8.93
8.951
8.575
8.52
8.5
8.45
9.029
8.73
8.706
8.605
8.575
8.53
8.55
8.48
8.371
8.4
8.442
8.343
8.42
8.448
8.474
8.408
8.351
8.39
8.36
8.148
8.197000000000001
8.07
7.825
7.91
7.837000000000001
7.922999999999999
7.921
8.0
7.885
7.813
7.959
7.88
7.88
7.83
7.982
7.66
7.76
7.71
7.8
7.72
7.69
7.72
7.67
7.775
7.8629999999999995
7.966
7.79
7.7989999999999995
7.7989999999999995
7.638999999999999
7.655
7.71
7.72
7.8
7.729
7.62
7.666
7.74
7.6739999999999995
7.851
7.827999999999999
7.65
7.65
7.6
7.6
7.558
7.68
7.64
7.7
7.63
7.6
7.6
7.622000000000001
7.59
7.59
7.551
