3.0454
2.9822
3.0189
3.0039999999999996
3.0017
2.9868
2.9836
5.933
5.9709
5.9206
5.84
5.8144
5.9244
5.8495
5.8334
5.9785
5.9889
6.0307
6.1625
6.1189
6.117000000000001
6.1853
6.1018
6.0364
5.9918
5.9216
5.8277
5.7688
5.7584
5.6209
5.5753
5.7186
5.6645
5.6768
5.7347
5.7034
5.7413
5.655
5.5677
5.6265
5.6228
5.6579
5.6683
5.6199
5.5971
5.5763
5.5051
5.5212
5.6436
5.7062
5.7992
5.7745
5.7888
5.7205
5.7328
5.7347
5.7262
5.672999999999999
5.6787
5.6484
5.6484
5.6484
5.6863
5.6455
5.5601
5.5241
5.5383
5.4681
5.4814
5.4558
5.5099
5.544
5.5677
5.6199
5.6237
5.6436
5.6626
5.6901
5.7945
5.7546
5.8163
5.7869
5.8533
5.8922
5.9557
5.8855
5.9377
5.8201
5.7527
5.7783
5.7831
5.785
5.8504
5.729
5.7603
5.8125
5.7983
5.7375
5.7632
5.7176
5.7641
5.6873
5.7869
5.84
5.8389999999999995
5.8571
5.8533
5.7831
5.693
5.7081
5.6759
5.6692
5.7157
5.7423
5.766
5.6104
5.5146
5.377000000000001
5.4245
5.4178
5.5118
5.7072
5.6664
5.6778
5.692
5.1114
5.2556
5.4188
5.6351
5.7745
5.7489
5.8252
5.6022
5.5748
5.6531
5.7293
5.742999999999999
5.7215
5.8076
5.8174
5.835
5.877999999999999
5.8545
6.0003
6.0003
5.9954
6.0394
6.0394
6.0218
5.9641
6.01
5.9592
5.8682
5.8281
5.8663
5.8937
5.8917
5.8966
5.877000000000001
5.9474
5.9563
5.9426
5.836
5.7704
5.7919
5.7293
5.7479
5.7822
5.7636
5.7489
5.7646
5.7518
5.7606
5.7704
5.7792
5.8849
5.9171
5.8907
5.9778
5.9465
5.9103
5.8066
5.7753
5.7841
5.7567
5.7988
5.8624
5.8281
5.7998
5.9093
5.8584
5.8379
5.8232
5.8927
5.9328
5.9191
5.9034
5.879
5.8262
5.787999999999999
5.7235
5.7831
5.7421
5.7225
5.7499
5.8682
5.8663
5.9514
5.9758
6.0120000000000005
6.0492
6.0472
6.0404
6.0902
6.0736
6.0893
6.0726
6.0365
5.966
5.922000000000001
5.8878
5.9289
5.9122
5.791
5.6315
5.5895
5.5142
5.5288
5.4623
5.5807
5.5122
5.5064
5.5064
5.4711
5.4751
5.5895
5.5924
5.6051
5.5717
5.476
5.476
5.4584
5.6482
5.6032
5.6208
5.6981
5.7636
5.8555
5.8086
5.8731
5.8692
5.8995
5.9504
5.9572
5.9758
6.0032
6.0032
6.0472
6.0521
6.0775
6.0971
