2.99251
2.95318
2.86762
2.80623
2.72701
2.61413
2.61314
2.60324
2.6171
2.5973
2.50521
2.43589
2.28439
2.2418099999999996
2.26954
2.33984
2.2358700000000002
2.31113
2.31014
2.29529
2.45471
2.36361
2.22498
2.12398
2.25469
2.31311
2.14378
2.04774
2.16656
2.0398099999999997
2.06358
2.16359
2.09427
2.17844
2.0952599999999997
2.0200099999999996
2.12596
2.08635
2.021
2.052
2.148
2.208
2.22
2.366
2.36
2.315
2.294
2.286
2.2640000000000002
2.369
2.6719999999999997
2.72
2.589
2.591
2.506
2.591
2.5580000000000003
2.519
2.445
2.38
2.38
2.38
2.353
2.358
2.287
2.227
2.173
2.103
2.101
2.056
2.1180000000000003
2.178
2.178
2.326
2.339
2.367
2.387
2.359
2.457
2.517
2.523
2.4619999999999997
2.535
2.469
2.494
2.375
2.285
2.177
2.124
2.092
2.119
2.0580000000000003
2.101
2.074
2.064
2.051
2.0669999999999997
2.084
2.117
2.117
2.119
2.1
2.191
2.356
1.732
1.59
1.435
1.48
1.588
1.671
1.574
1.5290000000000001
1.485
1.426
1.416
1.443
1.382
1.296
1.37
1.37
1.39
1.4269999999999998
1.406
1.391
1.393
1.18
1.178
1.216
1.199
1.151
1.217
1.247
1.192
1.14
1.128
1.1740000000000002
1.161
1.254
1.273
1.27
1.253
1.252
1.2109999999999999
1.252
1.3
1.278
1.27
1.2229999999999999
1.2570000000000001
1.2229999999999999
1.252
1.178
1.115
1.117
1.1420000000000001
1.1640000000000001
1.1909999999999998
1.196
1.239
1.2329999999999999
1.245
1.2409999999999999
1.234
1.18
1.153
1.133
1.151
1.187
1.217
1.167
1.173
1.15
1.158
1.213
1.216
1.229
1.235
1.202
1.208
1.2409999999999999
1.253
1.205
1.171
1.155
1.15
1.12
1.094
1.0959999999999999
1.196
1.1840000000000002
1.1520000000000001
1.123
1.1159999999999999
1.093
1.083
1.101
1.102
1.1
1.127
1.119
1.12
1.114
1.11
1.097
1.025
1.031
1.042
1.061
1.073
1.07
1.091
1.137
1.11
1.085
1.104
1.011
0.9990000000000001
0.972
0.935
0.9329999999999999
0.929
0.9309999999999999
0.919
0.958
0.958
0.956
0.943
0.9159999999999999
0.895
0.855
0.8590000000000001
0.851
0.902
0.873
0.8440000000000001
0.836
0.7709999999999999
0.787
0.8270000000000001
0.94
0.897
0.92
0.953
0.991
1.042
1.002
1.013
1.011
1.012
1.014
1.01
1.016
1.013
0.9540000000000001
0.9420000000000001
0.9109999999999999
0.9109999999999999
0.934
0.92
0.915
0.9179999999999999
