25.3618
24.239929999999998
24.28687
24.09911
23.432560000000002
23.06642
22.986629999999998
22.89744
22.479670000000002
21.99149
21.38859
21.29768
21.53214
20.54645
20.81919
21.63741
21.42209
21.953210000000002
22.09198
21.87187
22.3073
22.292939999999998
21.29768
20.66607
21.18284
21.05365
19.838279999999997
19.13968
19.43635
18.47936
18.69947
19.441129999999998
19.618170000000003
20.57516
20.45553
20.22586
20.776120000000002
21.04886
20.62301
21.43166
22.824070000000003
22.93412
23.23079
23.819329999999997
24.379170000000002
24.67105
24.65191
24.49879
24.50358
23.80976
24.69019
24.57535
24.13992
24.28825
24.69019
25.40793
25.26916
25.27873
25.07777
24.40309
24.40309
24.40309
24.58492
25.546689999999998
25.06341
25.38879
25.206960000000002
24.675829999999998
24.675829999999998
24.60884
25.55626
25.90077
26.001260000000002
26.53717
26.37927
26.34577
26.77163
26.982159999999997
27.54679
27.62813
27.66641
27.766890000000004
28.0492
28.053990000000002
28.149690000000003
27.63291
27.85302
27.20706
26.982159999999997
27.04915
26.78598
26.37448
26.407970000000002
26.326629999999998
25.962979999999998
26.37927
26.508459999999996
26.61373
27.0348
26.70464
26.90561
26.953459999999996
27.32668
27.776459999999997
27.9535
28.03963
27.99178
28.374579999999998
28.18318
28.369790000000002
27.833879999999997
27.886509999999998
28.19753
27.896079999999998
27.762109999999996
26.4941
25.70938
25.13997
25.0682
24.6854
25.52276
26.70942
26.680709999999998
26.666359999999997
26.838620000000002
23.94374
23.27111
23.60595
24.23623
24.0245
24.83204
25.014229999999998
25.014229999999998
24.52182
24.59076
25.024079999999998
25.80208
26.388040000000004
26.02366
26.18123
26.05813
26.14184
26.36342
25.70852
25.69375
25.1915
25.55588
25.807010000000002
26.097520000000003
25.76761
25.26043
25.0487
24.22146
23.8817
24.01957
24.27562
24.531670000000002
24.83204
24.93052
25.27521
25.3343
25.30475
25.21612
24.34456
24.85666
24.699089999999998
24.81727
25.10286
25.24074
24.886210000000002
25.01916
24.86159
25.13733
25.01916
25.46725
25.65436
26.097520000000003
26.14676
26.15661
26.333879999999997
26.0926
25.4377
25.01916
24.96007
24.7631
24.44304
24.77295
24.531670000000002
25.063470000000002
26.289559999999998
26.476679999999998
26.555459999999997
26.25017
26.397890000000004
26.5013
26.49145
26.31911
26.53577
26.575159999999997
26.693340000000003
26.31911
26.44221
26.15169
26.38312
25.954729999999998
26.353579999999997
26.2157
26.30926
26.30433
26.456979999999998
26.58993
26.8903
26.83121
26.99863
26.806590000000003
27.73231
27.505809999999997
27.14635
26.60963
26.20093
25.85625
26.3782
26.51115
27.894809999999996
28.406909999999996
27.427020000000002
27.80125
27.225140000000003
26.865679999999998
26.71303
26.36835
26.15169
26.73765
26.678559999999997
26.75243
26.72288
26.55054
27.028170000000003
27.36301
27.574740000000002
27.52058
27.67322
28.406909999999996
28.2198
28.74175
28.756520000000002
28.67281
29.322779999999998
29.248920000000002
29.568990000000003
29.800420000000003
29.721629999999998
29.869359999999997
29.84474
29.839809999999996
29.54437
29.54437
29.69701
29.3868
29.51975
29.564059999999998
