5.96213
5.83916
5.878080000000001
5.75245
5.6790199999999995
5.55074
5.61257
5.63436
5.63526
5.57354
5.36022
5.27761
5.28941
5.09243
5.231319999999999
5.4092400000000005
5.23767
5.36566
5.3674800000000005
5.18321
5.35205
5.26581
5.08063
4.9708
5.23586
5.3584
5.05794
4.82193
5.1233
4.75748
4.9944
5.13964
5.09425
5.30122
5.13419
5.02798
5.22496
5.0797300000000005
4.8491599999999995
4.95627
5.23586
5.314830000000001
5.378369999999999
5.6162
5.64888
5.65977
5.60077
5.5336
5.49456
5.569
5.91394
5.94117
5.76507
5.72967
5.74147
5.7914
5.718780000000001
5.68428
5.57717
5.45372
5.45372
5.45372
5.39834
5.40016
5.303030000000001
5.21589
5.219519999999999
5.10807
5.07835
4.94461
5.0217
5.07185
5.109
5.42105
5.483280000000001
5.5027800000000004
5.53808
5.58823
5.9105
6.03031
6.08325
5.95972
6.2755
6.25971
5.8352699999999995
5.55665
5.5185699999999995
5.30775
5.18794
5.153580000000001
5.22509
5.13315
5.230659999999999
5.12014
5.09042
5.11736
5.1433599999999995
5.21116
5.247380000000001
5.17494
5.23159
5.15451
5.37555
5.65881
5.6133
5.62631
5.63745
5.53622
5.42477
5.42477
5.30589
5.31796
5.32632
5.22602
5.17494
4.9604
4.78673
4.678059999999999
4.76351
4.8053
5.01241
5.15915
5.1833
5.2241599999999995
5.36719
4.498819999999999
4.42359
4.505319999999999
4.65949
4.70314
4.75608
4.73936
4.62512
4.541119999999999
4.58171
4.72423
4.77332
4.97909
4.94228
5.051769999999999
5.04516
4.903580000000001
4.85827
4.90641
4.9536
4.95927
4.8847
4.84317
4.93095
4.755380000000001
4.93189
4.74783
4.51658
4.56377
4.679869999999999
4.80258
4.83562
4.92906
4.97909
5.00552
4.9743699999999995
4.98853
4.9734300000000005
4.88659
4.90735
4.80541
4.84411
4.93661
5.1018
5.04327
5.12445
5.10935
5.21034
5.26509
5.28397
5.37081
5.376469999999999
5.27831
5.33966
5.42839
5.37553
5.244330000000001
5.12067
5.06404
5.02912
4.9385
4.966819999999999
4.9435
5.0715900000000005
5.214119999999999
5.17825
5.01307
4.99985
5.04422
5.05082
5.08009
5.066669999999999
5.09063
5.19219
5.23147
5.20081
5.23626
5.392440000000001
5.41735
5.31004
5.4633400000000005
5.48347
5.64827
5.76037
5.94337
5.91176
6.10147
6.03823
6.16087
6.33334
6.31418
6.3026800000000005
6.16662
5.9223
5.99416
5.9366699999999994
6.12255
6.21836
5.86385
5.79678
5.66455
5.68276
5.74887
5.71917
5.77666
5.61377
5.60898
5.6291
5.60228
5.57832
5.52946
5.48634
5.53808
5.58215
5.6243099999999995
5.54574
5.60228
5.8657699999999995
5.94146
6.20686
6.1455400000000004
6.10243
6.1992
6.1033800000000005
6.26052
6.277769999999999
6.20303
6.242319999999999
6.184830000000001
6.17429
6.18962
6.18962
6.17429
6.1455400000000004
6.10818
6.1455400000000004
