15.679
15.229000000000001
15.61
15.709000000000001
15.869000000000002
15.83
15.783
15.48
15.575
15.333
14.918
14.883
15.112
14.874
14.960999999999999
14.9
14.55
14.925999999999998
15.168
15.125
15.367
15.623
15.398
14.960999999999999
14.874
14.636
14.2
13.992
14.030999999999999
13.610999999999999
13.624
13.879000000000001
13.870999999999999
13.841
13.927
13.966
14.247
14.165
14.165
14.386
14.338
14.429
14.515
14.386
14.29
14.083
14.152000000000001
14.187000000000001
14.468
14.399000000000001
14.847999999999999
14.931
14.991
15.017000000000001
15.065
15.065
15.134
15.091
15.056
14.939
14.939
14.939
15.069
14.913
14.593
14.575999999999999
14.567
14.502
14.494000000000002
14.243
14.507
14.753
14.948
15.047
15.216
15.259
15.294
15.22
15.402000000000001
15.251
15.392999999999999
15.419
15.445
15.64
15.83
15.86
15.912
15.86
15.752
15.77
15.822000000000001
15.886
15.839
15.7
15.739
15.809000000000001
15.7
15.618
15.592
15.463
15.562000000000001
15.505999999999998
15.7
15.709000000000001
15.765
15.847000000000001
15.908
15.985999999999999
15.713
15.735
15.623
15.687000000000001
15.956
15.977
15.627
15.35
15.177
14.909
14.87
14.788
14.931
15.242
15.238
15.085999999999999
15.251
13.982999999999999
14.687999999999999
15.134
16.338
16.817999999999998
17.288
17.544
17.477
17.288
17.375
17.646
17.625999999999998
17.477
17.588
17.554000000000002
17.573
17.625999999999998
17.655
17.66
17.81
17.791
17.945
17.969
17.979
18.076
18.163
18.192
18.085
17.936
18.134
18.245
18.187
18.129
18.119
18.221
18.167
18.134
18.047
17.766
17.892
17.694000000000003
17.708
17.781
17.727999999999998
17.679000000000002
17.82
17.805
17.752
17.646
17.539
18.003
18.066
18.042
18.070999999999998
18.070999999999998
18.012999999999998
17.805
17.979
17.974
18.037
17.907
18.018
18.153
18.158
18.38
18.308
18.293
18.298
18.346
18.404
18.438
18.38
18.395
18.206
18.137999999999998
17.776
17.824
17.878
17.868
17.945
18.293
18.283
18.535
18.506
18.496
18.467
18.453
18.453
18.525
18.53
18.733
18.713
18.617
18.346
18.211
18.047
18.134
18.317
18.09
17.428
17.462
17.336
17.423
17.385
17.375
17.340999999999998
17.549
17.713
18.124000000000002
18.496
18.742
19.09
18.878
18.849
18.597
18.646
18.597
18.979
18.854
18.941
19.163
19.279
19.549
19.516
19.298
19.491
19.593
19.66
19.743
19.83
20.047
20.047
20.269000000000002
20.105
20.235
20.125
