20.054000000000002
19.855999999999998
19.909000000000002
19.804000000000002
19.433
19.289
19.26
19.424
19.299
18.419
18.26
18.525
18.817999999999998
18.332
18.688
18.855999999999998
18.813
18.789
18.832
18.904
19.361
19.587
19.174
18.885
18.659000000000002
18.222
17.361
17.102
17.448
16.635
16.89
17.328
17.496
17.924
17.842
17.659000000000002
17.803
17.645
17.328
17.683
16.972
17.145
17.265
17.26
17.4
17.549
17.534000000000002
17.500999999999998
17.587
17.419
17.775
17.698
17.500999999999998
17.500999999999998
17.567999999999998
17.924
18.082
18.154
18.375999999999998
18.192999999999998
18.192999999999998
18.192999999999998
18.111
18.192999999999998
18.159000000000002
18.034000000000002
17.967
17.597
17.779
17.39
17.539
17.534000000000002
17.534000000000002
17.779
18.462
18.554000000000002
18.592
18.313
18.174
18.097
18.241
18.442999999999998
18.63
18.730999999999998
18.457
18.067999999999998
18.174
17.77
17.486
17.500999999999998
17.472
17.477
17.486
17.414
17.308
17.317999999999998
17.4
17.515
17.909000000000002
17.779
17.942999999999998
17.645
18.192999999999998
18.385
18.328
18.524
18.373
18.602
18.514
18.602
18.430999999999997
18.275
18.588
18.215999999999998
18.025
17.674
17.322
16.965
16.989
16.779
16.98
18.197
18.074
18.133
18.465
16.745
15.595999999999998
16.222
17.004
17.043
17.302
17.209
16.96
16.852
17.067999999999998
17.199
17.542
17.718
17.752
17.61
17.742
17.752
17.81
17.698
17.605
17.634
17.771
18.133
18.265
18.177
18.099
17.742
17.615
17.507
17.307000000000002
17.258
17.248
17.493
17.361
17.551
17.561
17.527
17.283
17.048
17.077
16.930999999999997
17.053
17.262999999999998
17.204
17.048
17.141
17.092
17.224
17.268
17.468
17.703
17.859
18.006
18.035
18.373
18.192
17.967
17.718
17.791
17.825
17.678
17.805999999999997
17.732
17.595
17.923
17.884
17.747
17.81
17.894000000000002
18.26
18.524
18.475
18.28
18.055
17.785999999999998
17.209
17.366
17.468
17.654
17.654
17.957
17.835
18.226
18.055
18.123
18.504
18.646
18.26
18.172
17.561
17.742
17.725
17.415
17.2
17.025
16.73
16.82
16.805
17.02
16.48
16.15
16.035
16.42
16.415
16.715
16.64
16.38
16.335
16.26
16.47
16.55
16.54
16.71
16.725
16.64
16.45
16.405
16.66
16.6
16.765
16.895
16.795
17.175
17.09
17.345
17.175
17.315
17.28
17.54
17.2
17.3
17.3
17.22
17.16
17.125
16.995
