15.645
15.321
15.508
15.390999999999998
15.254000000000001
15.082
15.286
15.342
15.244000000000002
14.912
14.525
14.398
14.772
14.432
14.58
15.069
14.967
15.095
15.085999999999999
15.163
15.32
15.422
15.137
14.304
14.032
14.027999999999999
13.573
13.228
13.262
12.875
12.982000000000001
13.427999999999999
13.322000000000001
13.440999999999999
13.875
13.692
13.9
13.665999999999999
13.284
13.356
13.662
13.713
13.824000000000002
13.93
14.125
14.215
14.057
14.019
14.164000000000001
14.147
14.627
14.683
14.508
14.453
14.585
14.708
14.955
15.035
15.116
15.125
15.125
15.125
15.244000000000002
15.248
15.112
14.755
14.755
14.58
14.623
14.392999999999999
14.652999999999999
14.857000000000001
14.98
15.074000000000002
15.048
14.865
14.946
15.308
15.49
15.472999999999999
15.567
15.567
15.745999999999999
15.686
15.775
15.448
15.444
15.082
14.819
14.882
15.027000000000001
15.142000000000001
15.154000000000002
14.317
14.385
14.427
14.389000000000001
14.466
14.550999999999998
14.389000000000001
14.504000000000001
14.572000000000001
14.767999999999999
14.95
15.052
15.171
15.235
15.129000000000001
14.789000000000001
14.831
14.763
14.955
15.337
15.274000000000001
15.333
14.937999999999999
14.690999999999999
14.427
14.460999999999999
14.402000000000001
14.661
15.107999999999999
14.955
14.895
15.014000000000001
13.615
13.917
14.956
15.686
16.79
16.838
16.914
16.605
16.405
16.909000000000002
16.928
17.038
16.919
17.147000000000002
17.19
17.028
16.976
17.009
17.232
17.204
17.247
17.250999999999998
17.427
17.512999999999998
17.641
17.589000000000002
17.484
17.128
17.166
17.351
17.499000000000002
17.489
17.641
17.655
17.945
17.869
17.95
17.692999999999998
17.422
17.584
17.38
17.223
17.494
17.461
17.437
17.584
17.456
17.551
17.589000000000002
18.125999999999998
18.53
18.682000000000002
18.359
18.211
18.273
18.017
17.594
17.266
17.427
17.38
17.070999999999998
17.275
17.147000000000002
17.076
17.526
17.381
17.337
17.385
17.468
17.69
17.715
17.602999999999998
17.56
17.375999999999998
17.163
17.012999999999998
17.289
16.984
16.94
16.935
17.274
17.168
17.284000000000002
17.327
17.429000000000002
17.434
17.4
17.177
17.458
17.395
17.424
17.405
17.337
16.829
16.590999999999998
16.654
16.654
16.596
16.514
15.985999999999999
15.841
15.584000000000001
15.609000000000002
15.754000000000001
15.845999999999998
15.633
15.690999999999999
15.856
15.662
15.589
15.802
15.845999999999998
15.764000000000001
15.638
15.536
15.690999999999999
15.628
16.136
15.991
15.985999999999999
16.185
16.387999999999998
16.587
16.558
16.858
16.925
16.974
17.076
17.129
16.916
17.037
17.037
17.105
17.119
17.215999999999998
17.342
