11.93699
12.22141
12.2912
12.26685
12.19382
12.140260000000001
12.099680000000001
12.15973
12.130519999999999
11.99581
11.84811
11.8611
12.05748
11.84811
11.82214
11.87246
11.888689999999999
11.89842
12.04125
11.937380000000001
12.07371
12.341510000000001
12.278210000000001
12.12727
12.075339999999999
11.99094
11.68094
11.6501
11.624130000000001
11.3677
11.33848
11.57382
11.51864
11.52026
11.66796
11.63387
11.79942
11.64523
11.4667
11.7345
11.77508
11.87246
11.95685
11.827010000000001
11.86921
11.8968
11.89356
11.85298
11.96659
12.00555
12.21492
12.28795
12.317169999999999
12.31392
12.3902
12.46649
12.507060000000001
12.49732
12.49895
12.43402
12.43402
12.43402
12.58334
12.53303
12.38371
12.33177
12.39345
12.3269
12.46973
12.3334
12.42429
12.53465
12.65638
12.65638
12.69696
12.75538
12.77811
12.7002
12.688839999999999
12.49245
12.5801
12.63366
12.67586
12.62717
12.591460000000001
12.654760000000001
12.74078
12.638530000000001
12.63203
12.70994
12.66287
12.70507
12.7635
12.58821
12.59633
12.67586
12.48109
12.50544
12.41779
12.36261
12.4957
12.60282
12.76999
12.76512
12.807319999999999
12.93229
12.968
12.99072
12.85277
12.81868
12.79434
12.8625
12.97287
13.065380000000001
12.8836
12.76025
12.6012
12.404810000000001
12.47947
12.531410000000001
12.67423
12.78947
12.80083
12.66612
12.68397
11.82377
12.23439
14.08477
16.508229999999998
4.22454
4.8066
4.83461
4.78932
4.737480000000001
4.74046
4.76727
19.27885
19.183510000000002
19.27885
19.28838
19.25978
19.24071
19.19304
19.30745
19.350360000000002
19.38373
19.48861
19.59349
19.59349
19.46477
19.536279999999998
19.536279999999998
19.33606
19.27885
19.32175
19.283620000000003
19.09293
19.17397
19.09293
19.255010000000002
19.255010000000002
19.22641
18.96898
18.69724
18.72108
18.49225
18.582829999999998
18.539920000000002
18.49225
18.47318
18.59236
18.51609
18.468410000000002
18.40644
18.3969
18.81643
19.04049
19.11676
19.05479
18.97374
18.66864
18.487479999999998
18.43981
18.42551
18.373070000000002
18.110870000000002
18.320629999999998
18.35877
18.17284
18.50179
18.29202
18.22052
18.16331
18.28726
18.277720000000002
18.31109
18.25389
18.14424
17.8296
17.64844
17.46252
17.70565
17.8296
17.73902
17.81053
18.1347
18.1347
18.363529999999997
18.38737
18.31586
18.28249
18.3826
18.206210000000002
18.21575
18.18238
18.27296
18.1204
17.8296
17.46729
17.3052
17.186020000000003
17.20985
17.20509
16.923820000000003
16.2564
16.28977
15.75584
15.89409
15.803510000000001
15.85118
15.72246
15.81781
15.91792
15.908389999999999
15.94653
16.223029999999998
16.30407
16.203960000000002
16.01803
15.78444
15.87979
15.68433
16.21826
16.09431
16.003729999999997
16.35174
16.33267
16.7522
16.71882
16.42802
16.61394
16.728360000000002
16.84754
16.80464
16.77126
16.885679999999997
16.885679999999997
17.03346
16.985789999999998
17.07637
17.090670000000003
