1.51373
1.51281
1.50817
1.49336
1.4581899999999999
1.41004
1.42392
1.49429
1.50817
1.5017
1.45355
1.38782
1.3396700000000001
1.3295
1.35541
1.38504
1.31097
1.37671
1.36931
1.37578
1.5405799999999998
1.53503
1.47948
1.4118899999999999
1.46652
1.49244
1.39801
1.31839
1.36375
1.28783
1.30913
1.3702299999999998
1.3443100000000001
1.37764
1.32764
1.30264
1.34616
1.3211600000000001
1.2887600000000001
1.2970899999999999
1.3369
1.3582
1.36653
1.4581899999999999
1.46189
1.43966
1.40726
1.40819
1.40078
1.46282
1.59984
1.61095
1.58317
1.57669
1.55725
1.5757700000000001
1.57021
1.5739100000000001
1.56003
1.53503
1.53503
1.53503
1.51188
1.50447
1.46466
1.4452200000000002
1.43782
1.4058700000000002
1.3724299999999998
1.33475
1.3628
1.38891
1.38891
1.52045
1.53883
1.54656
1.57461
1.56301
1.59686
1.64038
1.68197
1.62781
1.67714
1.63555
1.6510200000000002
1.61427
1.59299
1.54366
1.5156100000000001
1.50401
1.50981
1.48079
1.49143
1.48756
1.47499
1.47402
1.47789
1.4769299999999999
1.50111
1.50884
1.52722
1.52142
1.57461
1.6432900000000001
1.5610700000000002
1.5514
1.5417299999999998
1.48563
1.4895
1.4904700000000002
1.45468
1.4595200000000002
1.46725
1.45565
1.4392
1.38311
1.35312
1.3183
1.33184
1.29219
1.33765
1.38311
1.39375
1.40535
1.44888
1.16935
1.1258299999999999
1.1422700000000001
1.15678
1.14034
1.16065
1.14904
1.1006799999999999
1.0590899999999999
1.05522
1.10745
1.1132600000000001
1.16839
1.20224
1.22739
1.2215799999999999
1.2215799999999999
1.22835
1.24576
1.24383
1.15098
1.14421
1.15678
1.1799899999999999
1.15388
1.18289
1.14808
1.09101
1.08714
1.10649
1.1268
1.14517
1.16162
1.17806
1.1848299999999998
1.18193
1.17612
1.1654799999999998
1.1422700000000001
1.13744
1.11809
1.1413
1.15581
1.1799899999999999
1.16935
1.1732200000000002
1.15775
1.16452
1.17516
1.1974
1.2032100000000001
1.2003
1.17129
1.18289
1.20707
1.22062
1.1887
1.15098
1.13357
1.1297
1.11519
1.10745
1.10649
1.1355
1.14324
1.09585
1.08521
1.08037
1.0794
1.08521
1.1026200000000002
1.09971
1.10165
1.1200299999999999
1.1297
1.10649
1.10358
1.10358
1.10745
1.07457
1.0832700000000002
1.08617
1.11519
1.1355
1.1587100000000001
1.1887
1.22255
1.1945
1.20127
1.22835
1.18193
1.17903
1.1654799999999998
1.1326
1.1596799999999998
1.17032
1.18289
1.1848299999999998
1.20707
1.25157
1.26511
1.26704
1.26801
1.23996
1.24189
1.22835
1.21675
1.16355
1.1596799999999998
1.16065
1.14324
1.11132
1.11422
1.1384
1.1848299999999998
1.16452
1.18773
1.25447
1.2564
1.32217
1.3308799999999998
1.32507
1.33184
1.31734
1.3453899999999999
1.35216
1.3308799999999998
1.34248
1.32507
1.31637
1.30863
1.30863
1.3057299999999998
1.30769
1.2959100000000001
1.2988600000000001
