4.214180000000001
4.083819999999999
4.048690000000001
3.9183199999999996
3.83788
3.7343300000000004
3.7713099999999997
3.8193900000000003
3.83419
3.79905
3.69642
3.6502
3.6270800000000003
3.45234
3.5577400000000003
3.71584
3.5642099999999997
3.6890300000000003
3.68163
3.5494199999999996
3.63818
3.5642
3.38065
3.2429900000000003
3.42654
3.51082
3.29262
3.16526
3.32821
3.09971
3.26078
3.3797099999999998
3.3740900000000003
3.51831
3.3843900000000002
3.2767
3.44058
3.3815800000000005
3.22051
3.30105
3.4518199999999997
3.51456
3.5876099999999997
3.78988
3.78988
3.8601199999999998
3.8423300000000005
3.8797900000000003
3.84982
3.8910199999999997
4.16915
4.22722
4.0399199999999995
3.9444
3.9743699999999995
4.00995
3.9659400000000002
3.90507
3.8217199999999996
3.73651
3.73651
3.73651
3.7149699999999997
3.7234
3.62788
3.5539
3.5407800000000003
3.41811
3.40781
3.34881
3.43028
3.49396
3.5323599999999997
3.80019
3.82922
3.79925
3.86387
3.9041300000000003
4.0446
4.15792
4.18601
4.10173
4.23845
4.30494
4.38068
4.18565
4.13926
3.93854
3.84197
3.82493
3.84955
3.75014
3.8580699999999997
3.8239900000000002
3.81357
3.84481
3.8410300000000004
3.85049
3.91014
3.8694300000000004
3.92434
3.85523
3.96316
4.20364
4.126
4.165769999999999
4.1790199999999995
4.06257
3.94991
3.9802
3.83724
3.86564
3.9215
3.86754
3.84955
3.6554599999999997
3.52765
3.4320199999999996
3.48978
3.46516
3.60339
3.7454
3.8107300000000004
3.8344
3.99914
3.20385
3.12433
3.17924
3.2909599999999997
3.24646
3.3165199999999997
3.30137
3.2029099999999997
3.1432599999999997
3.1716599999999997
3.33545
3.37901
3.5986599999999997
3.52575
3.6204300000000003
3.6090699999999996
3.60339
3.5626800000000003
3.6081199999999995
3.6554599999999997
3.67156
3.5872900000000003
3.55416
3.7117400000000003
3.5647300000000004
3.6454400000000002
3.5608800000000005
3.3716
3.35815
3.45135
3.55896
3.6214199999999996
3.6608099999999997
3.6733
3.7002099999999998
3.69156
3.69348
3.6608099999999997
3.5676099999999997
3.5724099999999996
3.49747
3.5205300000000004
3.62046
3.70885
3.69924
3.7328699999999997
3.71846
3.77419
3.86259
3.8798800000000004
3.9404199999999996
3.96155
3.9096699999999998
3.9673199999999995
4.05668
4.0365
3.9308099999999997
3.8231900000000003
3.7732300000000003
3.8010900000000003
3.7271099999999997
3.76266
3.7410400000000004
3.8433699999999997
3.9308099999999997
3.8030199999999996
3.72519
3.70885
3.7568900000000003
3.79245
3.79245
3.79052
3.79725
3.85298
3.8923699999999997
3.8135800000000004
3.82608
3.82704
3.8424099999999997
3.75978
3.89141
3.8798800000000004
3.97511
4.06353
4.162640000000001
4.20734
4.36475
4.31519
4.33171
4.40944
4.39001
4.350169999999999
4.26564
4.1879
4.23163
4.175269999999999
4.24912
4.28798
4.29673
4.30353
4.1296
4.19859
4.24523
4.19956
4.22288
4.14515
4.14904
4.20734
4.21025
4.18304
4.15681
4.09074
4.14126
4.1908199999999995
4.218999999999999
4.16847
4.22677
4.44054
4.55034
4.7903400000000005
4.735930000000001
4.753419999999999
4.811719999999999
4.74953
4.8564099999999994
4.89042
4.77674
4.8535
4.83212
4.811719999999999
4.83212
4.83212
4.81269
4.7884
4.76313
4.8185199999999995
